
|new_sort : 25|
422 535 485 248 342 515 200 522 453 399 

|new_sort : 32|
179 184 11 209 372 287 444 103 329 61 

|new_sort : 30|
486 383 87 17 5 212 138 81 52 273 

|new_sort : 31|
243 185 10 528 35 534 382 212 478 485 

|new_sort : 29|
0 384 86 336 218 306 76 343 354 147 

|new_sort : 30|
307 33 162 144 401 78 320 474 230 359 

|new_sort : 29|
64 232 238 105 431 3 14 452 503 21 

|new_sort : 31|
371 431 161 463 64 325 258 33 379 233 

|new_sort : 30|
128 80 237 424 94 97 502 164 255 445 

|new_sort : 25|
435 279 313 232 277 419 196 142 528 107 
